id: 20260303-general-2
title: test
context: general
created_at: 2026-03-03T01:02:38.943379Z
updated_at: 2026-03-03T01:02:38.943379Z
post_count: 0
