id: 20260303-general
title: QA Test Thread
context: general
created_at: 2026-03-03T00:55:41.356754Z
updated_at: 2026-03-03T00:55:47.143344Z
post_count: 1
