id: 20260302-general
title: Ponder layout
context: general
created_at: 2026-03-02T23:55:32.269663Z
updated_at: 2026-03-02T23:55:32.269663Z
post_count: 0
