id: 20260302-general-2
title: test
context: general
created_at: 2026-03-02T23:56:19.244114Z
updated_at: 2026-03-02T23:56:19.244114Z
post_count: 0
